122 364
144 390
163 395
189 375
205 339
221 311
235 299
274 282
306 288
332 289
371 295
441 286
488 283
513 262
538 224
570 184
577 149
575 124
569 123
561 183
528 226
528 225
534 193
534 148
533 134
525 98
510 70
501 55
499 42
497 28
481 24
474 26
474 38
481 56
487 83
493 117
484 153
478 159
458 135
427 119
372 107
335 118
287 136
256 159
251 111
245 96
234 77
228 49
225 38
214 36
207 38
206 52
213 69
219 97
230 145
229 177
227 209
215 226
184 256
152 291
136 306
116 287
98 295
91 302
89 324
103 351
122 364
